  Opcode     Op1    Op2    Op3
 
|      6      3      0      0|
|      5      1      0      4|
|      5      6      0      5|
|      5      1      0      7|
|      3      7      5      8|
|     11      8      0     11|
|      2      4      7      9|
|      5      9      0      4|
|      4      7      1     10|
|      5     10      0      7|
|      8      0      0      4|
|      6     11      0      0|
|      6      4      0      0|
|      6     12      0      0|
|      3      7      1     13|
|     14     13      0     26|
|      6      7      0      0|
|      3      7     14     15|
|      3     15     14     16|
|     14     16      0     22|
|      6     17      0      0|
|      8      0      0     23|
|      6     18      0      0|
|      3      7      1     19|
|      5     19      0      7|
|      8      0      0     14|
|      6     12      0      0|
|      6     20      0      0|
|      0      0      0      0|
