  Opcode     Op1    Op2    Op3
 
|      6      3      0      0|
|      6      4      0      0|
|      5      6      0      5|
|      5      8      0      7|
|      4      8      7      9|
|      2      5      9     10|
|      4     10      5     11|
|      2      6      7     12|
|      1     12      6     13|
|      4     11     13     14|
|      3     14      1     15|
|      5     15      0      5|
|      6     16      0      0|
|      6      5      0      0|
|      6     17      0      0|
|      0      0      0      0|
